function retval = g1sc(X1,X2)
retval=1.7854*X1.*X1 + 0.5945*X1 - 2.32*(X1.^4 -X2.^4);