function retval = g3sc(X1,X2)
retval=0.2164*X1 + 0.87105 -0.057*(X1.^4 - X2.^4);