function Retval = Gfun_741(x)

% Inequality constraint vector

Retval = [(2.5509*x(1)*x(1) +0.1361*x(1) -33.148*(x(1)^4 - x(2)^4)), ...
      (0.0488 +1.4619*x(1))*(x(1)^2 + x(1)*x(2) + x(2)*x(2))-166.5641*(x(1)^4 - x(2)^4), ...
      (1.0868*x(1) +.3482 -28.4641*(x(1)^4 -x(2)^4)), ...
    (x(2) - x(1) +0.001)];
  